1664
1939
1658
1791
1011
1600
1587
1930
1846
1955
1885
1793
1876
1905
1997
1900
1956
1981
1890
1612
638
1897
1888
1742
1613
1982
1932
1923
1065
1827
1919
1236
1195
1917
1990
1764
1902
1911
1999
1906
1817
1841
368
747
1881
1941
1894
1898
1887
1958
1862
1940
1819
1873
1959
1977
1301
1945
1961
1673
1879
1889
1872
155
1718
1637
1899
1988
1720
1856
1816
1866
1963
1880
1884
1970
1985
1869
1686
1832
1697
1381
1585
1993
2000
587
1891
1928
1721
1904
1708
1934
1912
1927
1575
1802
2009
1871
1867
1882
1974
1994
784
1868
1967
1842
1771
2001
1843
1621
1926
1978
2003
